4
28
84
100
58
46
14
10
58
64
86
22
62
6
68
64
58
66
100
100
78
94
28
36
66
78
20
64
48
26
24
70
20
94
54
24
16
100
68
6
24
100
62
96
4
28
84
100
58
46
14
10
58
64
86
22
62
6
68
64
58
66
100
100
78
94
28
36
66
78
20
64
48
26
24
70
20
94
54
24
16
100
68
6
24
100
62
96
4
28
84
100
58
46
14
10
58
64
86
22
62
6
68
64
58
66
100
100
78
94
28
36
66
78
20
64
48
26
24
70
20
94
54
24
16
100
68
6
24
100
62
96
4
28
84
100
58
46
14
10
58
64
86
22
62
6
68
64
58
66
100
100
78
94
28
36
66
78
20
64
48
26
24
70
20
94
54
24
16
100
68
6
24
100
62
96
4
28
84
100
58
46
14
10
58
64
86
22
62
6
68
64
58
66
100
100
78
94
28
36
66
78
20
64
48
26
24
70
20
94
54
24
16
100
68
6
24
100
62
96
4
28
84
100
58
46
14
10
58
64
86
22
62
6
68
64
58
66
100
100
78
94
28
36
66
78
20
64
48
26
24
70
20
94
54
24
16
100
68
6
24
100
62
96
4
28
84
100
58
46
14
10
58
64
86
22
62
6
68
64
58
66
100
100
78
94
28
36
66
78
20
64
48
26
24
70
20
94
54
24
16
100
68
6
24
100
62
96
4
28
84
100
58
46
14
10
58
64
86
22
62
6
68
64
58
66
100
100
78
94
28
36
66
78
20
64
48
26
24
70
20
94
54
24
16
100
68
6
24
100
62
96
4
28
84
100
58
46
14
10
58
64
86
22
62
6
68
64
58
66
100
100
78
94
28
36
66
78
20
64
48
26
24
70
20
94
54
24
16
100
68
6
24
100
62
96
4
28
84
100
58
46
14
10
58
64
86
22
62
6
68
64
58
66
100
100
78
94
28
36
66
78
20
64
48
26
24
70
20
94
54
24
16
100
68
6
24
100
62
96
4
28
84
100
58
46
14
10
58
64
86
22
62
6
68
64
58
66
100
100
78
94
28
36
66
78
20
64
48
26
24
70
20
94
54
24
16
100
68
6
24
100
62
96
4
28
84
100
58
46
14
10
58
64
86
22
62
6
68
64
58
66
100
100
78
94
28
36
66
78
20
64
48
26
24
70
20
94
54
24
16
100
68
6
24
100
62
96
4
28
84
100
58
46
14
10
58
64
86
22
62
6
68
64
58
66
100
100
78
94
28
36
66
78
20
64
48
26
24
70
20
94
54
24
16
100
68
6
24
100
62
96
4
28
84
100
58
46
14
10
58
64
86
22
62
6
68
64
58
66
100
100
78
94
28
36
66
78
20
64
48
26
24
70
20
94
54
24
16
100
68
6
24
100
62
96
4
28
84
100
58
46
14
10
58
64
86
22
62
6
68
64
58
66
100
100
78
94
28
36
66
78
20
64
48
26
24
70
20
94
54
24
16
100
68
6
24
100
62
96
4
28
84
100
58
46
14
10
58
64
86
22
62
6
68
64
58
66
100
100
78
94
28
36
66
78
20
64
48
26
24
70
20
94
54
24
16
100
68
6
24
100
62
96
4
28
84
100
58
46
14
10
58
64
86
22
62
6
68
64
58
66
100
100
78
94
28
36
66
78
20
64
48
26
24
70
20
94
54
24
16
100
68
6
24
100
62
96
4
28
84
100
58
46
14
10
58
64
86
22
62
6
68
64
58
66
100
100
78
94
28
36
66
78
20
64
48
26
24
70
20
94
54
24
16
100
68
6
24
100
62
96
4
28
84
100
58
46
14
10
58
64
86
22
62
6
68
64
58
66
100
100
78
94
28
36
66
78
20
64
48
26
24
70
20
94
54
24
16
100
68
6
24
100
62
96
4
28
84
100
58
46
14
10
58
64
86
22
62
6
68
64
58
66
100
100
78
94
28
36
66
78
20
64
48
26
24
70
20
94
54
24
16
100
68
6
24
100
62
96
4
28
84
100
58
46
14
10
58
64
86
22
62
6
68
64
58
66
100
100
78
94
28
36
66
78
20
64
48
26
24
70
20
94
54
24
16
100
68
6
24
100
62
96
4
28
84
100
58
46
14
10
58
64
86
22
62
6
68
64
58
66
100
100
78
94
28
36
66
78
20
64
48
26
24
70
20
94
54
24
16
100
68
6
24
100
62
96
